50
1 2 20
1 3 4
1 4 1
1 5 9
1 6 -2
1 8 -3
1 9 -5
4 10 -9
4 11 80
10 11 32
10 33 10
33 34 11
33 40 12
33 36 34
36 37 35
40 37 0
34 35 56
35 39 87
39 38 44
38 37 22
36 41 7
41 42 3
37 44 90
42 44 100
42 43 25
43 47 23
44 45 87
45 46 21
47 46 13
44 48 55
48 49 57
49 50 58
1 12 45
12 13 90
12 14 87
2 16 37
3 16 72
9 15 33
2 15 -60
15 25 -40
16 25 -32
25 26 -76
25 27 -90
26 27 -1
16 17 -9
17 18 -65
17 19 9
16 20 7
19 20 0
3 21 33
21 22 35
21 23 45
23 24 -9
7 28 8
8 29 21
6 30 34
30 29 45
5 31 56
31 32 79